357
391
419
449
474
812
797
575
771
387
601
382
366
367
374
385
374
409
403
389
407
437
400
430
424
446
566
494
459
447
417
470
438
454
481
461
486
449
471
493
469
484
494
489
941
512
553
522
481
518
424
432
580
649
496
491
462
520
482
498
749
759
439
424
412
491
390
414
405
385
450
456
427
434
422
539
588
676
436
610
547
1114
485
619
598
451
483
450
483
532
616
1202
596
539
508
636
497
654
559
387
185
331
324
352
354
346
484
395
400
377
506
372
384
387
428
512
460
455
664
540
570
476
418
496
579
479
445
484
647
465
572
704
758
464
515
808
518
533
1278
536
480
554
729
525
516
660
976
534
490
353
195
221
238
270
350
420
475
370
403
410
381
391
433
389
419
422
423
435
405
402
447
409
427
437
466
429
437
441
407
435
498
494
465
494
479
452
451
451
484
469
1256
493
645
545
951
536
529
501
478
383
184
210
237
266
309
327
318
365
353
364
368
384
485
430
387
374
411
379
412
390
419
457
441
448
458
436
953
677
469
666
437
607
588
544
514
484
503
485
478
565
555
493
495
487
954
642
825
1569
2517
361
191
217
235
257
279
298
383
358
338
356
410
366
475
417
424
417
418
497
441
407
436
407
445
753
1034
550
631
481
1019
1423
1413
870
463
491
477
462
467
462
955
525
553
1922
471
765
481
612
2353
543
554
727
184
218
576
447
386
365
360
350
554
435
383
621
416
520
428
515
741
409
467
2368
679
451
507
496
860
660
505
792
501
673
500
444
507
466
474
481
452
449
465
977
478
479
513
493
993
521
1473
1415
1636
825
286
384
386
386
404
562
805
1285
575
539
478
501
407
696
474
482
781
465
463
464
498
1573
486
880
2044
1080
1431
1820
757
2939
737
2167
1868
525
447
489
480
508
489
669
479
491
453
470
646
506
567
662
1447
975
202
333
362
363
403
432
491
486
503
376
378
571
378
492
422
590
427
491
480
513
512
1910
539
914
1325
2011
643
710
484
484
1284
1333
520
563
487
1623
542
473
567
1385
534
565
624
501
481
481
507
510
628
364
194
331
383
351
466
459
532
384
364
426
389
606
594
409
549
395
442
1012
498
453
1290
486
690
471
498
477
455
746
476
745
466
1203
1206
713
600
726
1244
1663
497
989
656
901
1591
483
469
475
1849
2018
1152
556
389
518
581
555
552
1037
739
590
643
572
481
662
1039
395
461
1122
980
575
512
753
945
2829
493
1005
506
490
591
708
619
1825
549
534
1545
624
499
603
664
954
509
470
1756
697
660
1009
522
734
575
503
519
374
183
361
272
316
533
380
369
415
437
397
378
375
544
903
488
468
406
409
566
441
548
1129
468
537
467
507
446
500
463
443
424
562
570
1993
1189
949
2259
2021
2082
1026
1975
834
1005
635
843
598
1217
522
511
410
205
232
265
287
306
393
359
368
354
363
412
375
682
407
376
432
398
433
408
428
383
402
452
403
585
535
543
609
519
563
498
512
468
542
463
501
547
464
506
606
460
1613
1058
546
2268
517
667
1041
1429
956
185
253
388
397
382
379
361
383
407
399
372
358
543
399
431
385
412
399
431
444
740
1030
458
413
543
648
440
614
821
497
446
421
431
570
450
453
703
525
1738
503
508
532
449
451
478
505
509
542
515
390
181
209
365
362
374
375
397
395
539
523
385
381
549
385
404
383
411
397
386
465
431
472
632
555
470
477
483
1239
550
825
595
529
457
480
781
583
561
925
600
554
1506
1114
1076
527
499
516
524
506
517
376
186
205
236
272
347
342
348
361
386
412
399
358
388
400
387
395
391
427
422
475
473
488
411
412
480
429
458
498
455
431
447
477
477
443
526
459
530
472
471
643
487
509
507
504
511
489
483
485
490
378
202
241
353
368
344
354
370
367
364
377
371
364
400
379
391
397
392
434
406
626
520
471
475
423
1132
750
420
492
480
466
468
492
522
441
450
506
455
467
466
501
465
476
473
518
479
478
487
486
478
356
198
248
306
326
335
351
342
357
386
379
357
369
411
455
500
465
472
745
544
550
561
523
440
460
1997
459
452
920
1118
1004
1744
476
500
534
507
459
482
557
459
601
539
557
798
506
493
488
496
519
516
423
323
325
326
339
356
390
379
443
480
371
633
396
400
428
392
442
510
413
427
430
467
399
402
435
766
828
457
446
478
575
467
501
467
522
1386
476
558
486
554
464
480
450
460
486
805
923
630
502
469
358
197
268
299
326
321
332
326
337
386
453
446
443
377
383
415
463
458
409
443
445
497
654
1280
1025
460
756
758
1270
499
484
1053
1004
565
778
542
673
1115
493
581
483
563
1294
596
807
492
751
529
2596
1883
477
191
229
279
330
393
435
414
505
460
530
479
439
737
702
469
527
550
478
480
457
478
1411
911
500
677
562
475
444
536
939
804
535
954
517
1071
551
631
545
467
503
465
469
476
558
1344
1327
514
537
467
362
182
207
229
285
298
323
341
408
351
362
391
410
380
379
449
449
456
456
597
599
758
580
602
518
502
498
541
542
582
452
456
487
1060
698
588
610
1499
945
819
503
1882
1798
527
532
621
562
1210
1231
561
398
182
207
236
269
306
321
335
379
369
386
382
412
390
372
386
409
420
433
409
465
391
403
465
417
396
437
430
448
495
558
544
488
467
472
614
531
444
830
505
460
493
457
508
529
547
599
494
535
525
359
182
216
249
280
355
360
348
349
382
374
356
364
396
365
368
382
423
395
390
394
420
392
410
493
467
415
441
436
452
466
489
497
1284
832
1696
515
473
461
547
581
524
552
493
496
463
439
454
445
519
383
180
211
224
249
271
315
366
360
354
356
410
368
371
470
434
432
390
442
532
417
415
424
471
440
458
420
426
429
415
426
400
386
388
428
444
449
434
475
539
469
462
435
624
496
476
428
449
554
385
278
139
161
198
264
283
278
292
289
292
299
292
329
310
357
306
331
396
1338
329
353
555
354
341
342
320
380
348
328
328
367
356
358
353
380
334
340
343
340
321
336
392
349
339
354
350
413
390
372
847
249
123
140
163
191
301
293
282
267
277
277
261
314
272
276
268
514
322
351
409
347
344
482
316
507
337
343
326
307
506
364
331
430
389
364
817
390
391
340
329
335
354
344
324
346
372
325
345
377
359
231
121
137
152
173
192
267
271
263
260
288
263
263
271
271
268
269
274
275
282
283
295
299
289
327
288
291
355
298
300
335
311
294
304
351
319
405
872
359
348
358
890
426
327
333
348
335
338
354
328
263
137
141
158
176
259
274
336
271
270
269
255
312
285
262
271
300
287
288
321
295
308
291
288
292
286
307
326
324
302
322
338
302
453
322
312
309
396
335
313
376
340
328
321
325
361
360
328
352
341
249
121
139
156
213
275
272
263
265
255
290
294
311
289
274
280
325
286
620
418
370
342
361
305
361
350
621
754
917
384
361
1022
702
389
345
382
727
333
690
362
321
335
323
362
331
319
375
323
520
359
258
126
136
302
249
244
250
244
256
248
249
268
316
268
304
272
283
283
270
306
299
340
336
507
565
379
377
401
327
371
338
354
455
348
335
408
335
417
363
338
489
339
372
385
635
345
349
358
379
325
231
127
136
153
174
196
253
277
263
258
259
301
309
272
279
268
315
288
289
303
291
332
287
345
312
322
492
329
320
338
367
326
446
713
454
596
471
491
475
489
550
526
460
496
663
603
501
457
1099
570
402
187
233
251
289
314
338
639
611
367
396
494
410
417
442
386
440
462
433
446
434
517
450
424
430
442
436
442
447
477
513
437
448
468
491
499
479
484
527
527
900
460
504
497
515
463
510
502
1659
535
360
182
210
234
254
273
297
302
375
349
350
348
405
430
389
398
411
416
394
414
416
402
441
398
387
481
448
533
460
443
422
465
529
474
461
431
437
463
667
806
514
503
488
459
448
459
455
583
483
554
713
185
214
248
302
333
343
375
399
381
525
627
422
515
448
427
424
449
405
440
393
457
473
465
448
2641
1049
733
449
437
439
438
462
454
463
439
446
493
475
487
451
654
477
458
459
486
478
515
1475
1728
362
189
236
255
275
414
398
369
402
415
479
596
526
452
614
495
707
448
572
1406
910
706
431
443
450
446
462
478
667
2253
535
948
832
1998
646
673
1183
512
443
472
458
500
520
506
2028
2257
1433
1493
1905
1579
693
200
397
595
543
927
854
654
470
1001
404
1302
417
472
655
470
572
999
536
480
1906
1081
651
573
1255
531
1429
549
564
699
490
868
1019
673
1230
1843
601
471
746
2278
1131
2231
2092
2391
1299
635
2821
2532
1542
1841
767
194
270
346
536
640
402
350
514
650
731
567
437
1095
711
930
683
460
465
921
511
1266
478
1713
714
603
2268
735
527
520
1183
568
1944
970
1560
2387
617
1281
1343
1870
2037
723
1165
2023
1780
1514
597
2020
573
538
1021
187
269
352
350
356
356
364
429
412
402
601
414
424
394
436
444
459
454
739
527
434
507
464
471
500
425
555
474
473
446
527
670
869
541
666
535
1369
466
765
632
1458
470
530
783
586
608
492
1015
544
384
183
210
340
367
363
380
348
676
524
487
442
509
398
429
487
510
477
537
490
427
630
398
432
523
423
427
440
487
564
888
607
1454
491
484
772
595
1340
686
591
557
521
573
640
1996
2545
770
518
1269
864
513
176
522
465
452
403
513
436
408
411
624
1397
585
609
528
761
430
479
460
567
615
470
467
345
424
344
367
415
363
383
346
413
497
450
391
822
534
466
364
423
365
514
360
470
402
408
641
417
435
550
285
150
344
434
418
348
342
384
392
368
581
699
560
421
770
399
547
418
1029
413
447
767
1513
612
837
884
470
658
413
318
433
783
384
360
394
344
360
1414
376
643
375
380
501
355
411
364
381
386
399
363
262
118
212
277
275
265
265
260
258
406
319
330
290
366
292
280
266
296
316
363
293
363
361
344
303
321
361
406
304
377
293
353
423
389
474
421
381
395
435
568
1723
389
410
466
401
383
423
380
358
373
251
124
150
184
212
231
253
256
265
277
288
270
313
284
563
315
345
332
279
333
297
298
297
385
958
423
343
1508
428
988
1833
1044
1224
557
664
769
544
1580
763
363
1673
1605
375
350
346
641
352
380
368
407
262
150
170
169
222
266
253
306
277
271
262
252
271
369
288
296
313
293
368
370
425
301
308
407
570
749
310
320
357
321
318
347
327
330
380
338
1628
406
413
513
521
486
476
801
1956
1256
1792
523
504
859
370
295
436
435
468
463
350
338
390
432
388
375
407
392
1175
429
421
461
1635
526
505
488
542
1477
1131
2708
1851
1214
595
1459
2190
520
525
1304
1574
1325
612
556
492
509
606
619
521
1809
656
642
943
1548
1094
2392
1977
407
746
456
616
610
682
675
768
913
706
957
882
796
1185
646
936
594
553
556
1205
633
1574
1574
2013
2181
984
862
589
525
1891
1541
558
842
1041
1469
787
563
481
586
510
499
482
508
1184
620
632
494
532
701
1518
240
335
394
363
433
396
448
414
417
445
397
502
711
843
441
537
495
465
594
638
847
478
626
1069
528
496
1266
905
573
649
1165
1029
585
577
626
711
489
457
520
489
466
550
511
655
517
523
499
491
487
398
182
223
246
285
351
354
371
354
352
437
388
376
412
387
381
423
380
420
392
410
1133
457
469
405
413
439
471
442
421
456
434
436
528
490
512
1276
535
547
623
488
479
518
459
488
460
480
531
464
478
376
179
209
236
256
273
340
354
406
348
353
392
397
367
420
402
433
414
425
403
420
476
413
428
410
432
448
453
475
460
447
455
434
475
492
434
507
468
430
453
497
442
976
533
547
557
531
522
732
1766
401
