158
208
102
115
110
117
106
111
121
123
191
102
126
105
106
115
118
103
150
119
116
104
106
108
110
77
77
71
71
72
79
83
111
101
103
112
117
120
113
104
99
83
66
72
78
104
127
128
110
103
179
154
178
141
130
145
145
133
130
135
180
202
141
149
195
118
146
143
139
134
126
132
133
152
139
90
86
88
87
89
92
86
133
141
139
124
180
148
135
138
171
96
84
85
98
155
189
146
147
138
227
192
166
149
152
154
214
161
153
157
238
150
170
170
164
152
150
153
139
156
149
151
157
148
142
113
94
95
98
99
105
97
141
156
159
162
180
150
144
175
145
111
101
90
101
162
176
154
162
152
236
257
167
157
171
171
182
165
169
155
253
162
172
172
173
165
170
171
155
166
177
169
166
160
153
127
106
106
106
125
101
108
160
169
163
180
264
200
150
167
150
169
112
109
107
194
321
164
165
167
240
226
175
185
175
177
178
196
185
279
210
194
184
181
175
178
174
178
177
166
203
170
178
202
172
130
117
106
115
144
114
116
172
170
183
182
563
317
177
177
168
126
117
114
115
186
324
192
170
166
444
222
182
195
187
173
178
208
244
205
717
180
207
192
179
181
185
181
188
188
236
185
181
192
187
135
118
118
128
115
116
116
199
180
194
185
458
205
189
213
259
127
118
125
115
171
380
217
171
179
389
230
308
358
178
194
205
708
189
204
390
200
191
197
217
192
191
189
197
184
197
194
202
188
198
157
129
141
151
126
127
126
349
185
198
197
469
184
193
188
291
163
128
121
141
184
321
292
195
204
330
319
207
196
189
206
192
506
206
205
409
231
208
250
208
206
206
220
482
198
199
227
217
196
200
152
126
131
124
134
132
136
291
204
235
205
249
350
219
308
179
247
132
138
131
188
930
246
201
212
369
255
221
211
199
202
530
642
302
205
443
413
203
245
209
216
217
213
220
207
264
195
204
213
202
160
138
136
141
128
132
135
194
197
214
225
533
357
260
292
208
170
287
154
137
202
732
290
202
199
193
277
216
222
215
215
212
319
211
356
459
228
216
219
233
257
211
218
205
233
268
215
236
216
199
157
145
135
148
165
135
140
272
213
394
248
291
704
257
257
417
646
188
141
138
209
398
323
344
211
384
609
298
230
212
400
236
448
225
236
284
225
281
232
235
237
222
207
358
230
513
233
228
212
317
165
142
148
142
159
148
170
566
217
479
594
755
722
628
228
846
572
213
142
138
232
821
224
231
232
215
727
227
242
227
237
603
224
505
403
643
225
223
219
248
213
221
225
240
239
303
325
265
241
226
178
243
147
177
189
160
170
257
277
308
510
319
337
256
363
414
605
151
248
145
364
603
411
228
242
206
345
239
322
393
240
265
240
253
952
635
556
503
389
514
239
266
249
246
227
837
235
253
240
226
181
144
143
159
173
151
150
264
338
383
463
548
1073
298
250
533
233
306
155
569
229
603
538
292
237
218
296
236
253
235
299
303
620
456
272
248
436
249
329
243
252
238
258
267
232
487
243
235
240
540
211
154
166
154
208
197
166
272
244
276
701
1019
719
248
255
766
881
175
520
166
894
922
793
236
305
251
287
269
272
243
344
326
300
243
453
492
322
243
278
240
247
255
356
263
333
295
362
252
248
317
185
162
161
162
175
159
166
254
278
340
687
430
1332
337
433
887
488
168
188
168
304
710
399
250
272
216
318
623
272
252
295
830
648
539
289
870
584
373
253
253
264
263
401
368
574
472
468
267
254
360
192
476
170
204
238
165
233
367
269
281
1025
611
845
381
362
349
383
166
286
187
290
966
615
314
304
220
266
395
302
272
316
933
758
312
362
916
258
273
274
250
264
272
485
763
457
550
561
313
270
266
482
208
175
181
189
181
180
463
286
400
513
1363
474
429
284
494
527
182
224
172
419
734
457
254
275
232
315
291
356
262
583
298
363
350
735
951
295
347
291
280
315
336
484
287
295
578
490
395
278
402
871
345
175
189
807
172
187
323
268
282
462
562
538
460
707
472
867
221
186
396
1351
612
568
320
342
241
291
526
296
289
344
290
424
635
747
484
639
272
309
274
305
288
941
353
362
504
739
295
274
588
220
547
180
237
443
203
194
396
298
377
1199
565
828
994
374
627
466
206
197
215
505
807
616
282
276
293
269
659
303
267
304
1757
382
613
423
1297
339
364
405
551
649
797
524
337
421
424
555
379
291
285
263
352
198
193
442
213
192
354
296
284
917
1474
411
342
332
573
891
193
201
417
370
1092
785
295
278
242
409
385
421
304
350
430
477
453
968
1538
595
266
401
300
386
507
394
531
550
582
675
280
295
328
485
362
211
222
282
298
296
526
308
372
951
785
1194
336
402
562
545
359
212
230
671
680
1128
758
583
276
419
506
300
345
297
351
1636
1373
615
2422
909
291
1174
457
614
471
415
294
773
1227
676
289
287
302
269
582
217
205
443
304
209
415
406
534
325
903
491
712
307
490
1012
419
214
225
667
1800
726
401
310
242
450
320
339
354
446
1035
589
489
707
789
415
456
380
354
309
585
370
302
1214
1099
650
415
315
446
265
248
215
220
228
534
379
328
290
326
383
875
1385
423
314
281
485
356
584
974
952
1023
749
386
373
323
409
391
375
384
729
665
766
994
350
1050
459
317
329
631
297
326
472
362
967
433
651
341
808
425
246
739
282
219
420
432
247
347
299
332
395
1033
1004
374
766
316
1215
236
1042
745
1375
1503
1308
318
305
263
321
925
546
402
913
705
1311
1381
862
1265
484
938
504
466
609
953
1541
458
493
1067
761
305
467
589
245
304
226
235
345
307
267
361
354
2248
379
998
1001
815
340
250
867
250
622
808
1784
1429
662
332
380
485
696
386
390
379
646
896
1302
1638
546
542
411
1023
792
615
353
943
435
626
1041
390
670
355
326
324
367
352
225
243
861
617
604
354
398
1632
378
1281
1515
347
349
294
763
407
351
260
1382
1201
691
350
427
284
553
406
386
861
397
645
1073
967
434
743
486
705
369
596
437
346
446
417
1152
576
614
350
369
403
270
315
263
248
852
387
279
383
822
1098
601
706
777
437
374
505
803
523
1099
256
1189
1113
1079
368
417
313
1034
392
380
477
736
1616
1612
794
896
1049
421
476
1042
1125
458
536
488
440
1057
398
440
406
377
336
257
233
248
242
951
264
260
431
404
393
969
530
695
539
560
328
1123
254
452
394
973
973
981
373
354
314
404
870
333
448
1200
606
1478
684
508
984
574
440
1141
734
434
553
1113
578
741
930
951
686
423
322
279
896
247
249
511
509
311
450
371
402
1729
962
942
561
896
403
270
288
849
300
1058
877
944
351
449
379
594
480
397
675
1184
676
2120
720
959
1434
406
802
757
1269
370
581
830
491
779
799
443
914
602
340
314
442
367
253
372
286
487
833
368
409
1072
647
1036
390
951
298
835
245
1009
268
1826
1408
926
376
444
282
685
478
689
374
1255
689
880
968
439
700
374
726
412
759
422
465
1980
459
990
648
465
680
557
344
345
303
258
378
1103
360
282
384
493
410
850
591
953
1053
951
636
1068
383
1108
340
732
1704
1323
384
402
308
1127
854
613
495
1053
431
1551
1321
896
919
816
473
358
1013
547
419
507
741
1289
1047
660
425
721
341
356
717
258
251
777
746
412
442
461
390
543
603
1551
946
1418
579
306
635
1179
301
799
800
1303
365
388
306
544
1017
436
526
473
744
1499
802
1427
1555
955
588
407
475
432
573
427
478
990
1128
1043
479
1052
342
357
650
271
346
752
396
967
473
524
430
1254
802
1559
816
556
1033
374
588
903
320
1308
925
891
402
605
323
538
448
421
942
652
425
618
763
680
1171
1671
724
703
554
422
420
703
851
561
900
864
509
708
444
388
444
365
314
381
320
476
629
448
602
1256
642
1429
813
578
335
653
794
982
401
1263
1023
1071
648
399
337
670
789
589
618
501
462
438
448
995
732
1311
468
443
990
495
389
794
1196
1030
1200
599
681
1333
557
300
991
270
299
642
818
601
708
376
423
876
1394
1550
475
827
544
357
584
1079
314
1269
1240
1012
871
387
310
445
1405
448
537
524
441
553
1141
1095
1118
1241
562
443
680
452
725
476
542
1634
571
1008
471
782
567
307
569
702
280
939
325
497
518
395
420
1236
1385
970
720
913
357
388
666
1033
1124
1298
1145
1134
958
523
339
655
835
415
650
453
477
579
541
1467
1133
1478
654
903
548
432
444
573
618
1364
908
1443
446
547
477
312
709
1065
446
329
308
680
614
449
654
785
538
1692
1173
1160
720
1440
646
1286
941
1018
714
551
949
530
369
441
877
454
493
456
478
552
525
1663
1215
1813
464
730
1238
467
531
537
564
614
613
1258
1055
417
764
346
334
461
351
412
469
495
756
1087
516
430
1066
1339
517
916
395
498
741
1324
421
477
606
523
904
409
465
643
1835
625
473
1548
467
627
857
540
842
1482
459
1340
1098
496
503
488
393
1280
487
755
684
905
622
309
320
371
303
375
360
495
873
1025
635
511
1740
1506
1168
1251
370
1122
876
456
707
807
705
746
566
460
397
1105
1014
536
1057
726
1204
870
1415
1155
827
1343
951
762
634
1088
688
1063
427
559
449
777
460
1252
568
326
359
429
583
311
956
556
863
814
443
434
1585
1755
1079
707
395
527
922
1312
715
953
629
548
694
654
527
848
555
1017
660
662
549
567
1008
698
1141
1254
530
886
1836
583
490
1271
605
1216
547
1449
607
1101
527
540
426
1153
366
355
331
570
442
809
779
635
2182
991
1289
829
331
443
671
1024
605
849
570
494
569
433
373
1123
1006
627
476
1358
539
610
701
671
1170
1408
1500
1078
1274
726
529
1239
443
1143
605
1523
481
789
590
346
358
647
326
328
533
499
651
625
548
602
1426
1271
530
923
369
574
723
543
508
1001
580
1054
455
1096
648
665
678
1089
649
510
850
447
1497
1552
977
1118
1596
434
1471
817
550
688
511
841
556
971
564
631
617
371
330
351
345
425
586
668
658
451
487
772
1835
1742
956
1094
1026
411
724
356
978
1280
871
750
473
1086
536
604
918
667
557
516
641
514
751
528
1060
1098
1070
461
771
607
751
590
587
1252
1061
1014
638
690
1122
335
386
370
351
338
659
1143
738
448
452
1663
1588
1296
945
2011
660
451
788
389
1662
1019
1379
514
624
958
1389
794
934
1348
811
539
1354
1137
594
528
859
1399
2276
587
600
642
490
632
936
686
1722
850
911
468
1037
378
519
392
430
331
417
639
498
488
578
1799
1065
1596
562
1893
680
454
554
1045
846
1051
634
862
497
869
601
1151
690
639
774
701
771
706
546
581
1162
663
917
778
654
575
564
589
1427
1148
1455
748
526
462
614
588
351
364
453
543
399
584
775
477
598
1881
1887
1011
655
1276
1151
566
513
437
1511
1604
1277
765
569
850
662
716
1237
997
992
2399
1099
1439
752
1789
713
1215
1409
655
635
617
634
753
1196
903
968
2217
718
469
739
690
392
363
348
353
429
505
726
738
899
1260
2229
2374
603
938
822
693
514
574
562
1270
564
714
907
834
811
684
758
754
1857
824
1065
838
587
1966
704
868
1043
1006
737
607
654
625
651
2063
731
881
508
468
608
489
578
396
458
392
606
1200
1179
546
1585
1690
1575
810
1753
1358
589
536
470
444
682
1432
922
665
539
913
1034
664
532
551
1929
860
1781
1567
1147
1723
613
740
1463
894
758
560
575
544
514
1482
499
1317
685
643
429
790
422
371
378
385
355
916
1074
724
2184
1581
1594
768
1017
1608
768
444
521
708
901
1651
1004
624
521
1279
828
807
755
519
497
1447
1890
1230
593
1139
1101
571
916
894
716
711
560
954
488
1032
493
636
726
480
484
724
406
390
457
405
534
574
521
1106
695
1449
1145
1375
952
1529
860
457
494
661
581
1575
1224
913
487
1121
