357
424
185
195
184
191
184
286
202
194
389
183
205
185
181
186
202
198
323
197
191
182
182
182
180
139
123
121
137
121
126
127
187
182
185
189
200
194
187
183
176
150
118
124
150
295
407
240
182
179
391
432
331
221
210
217
218
384
333
331
518
361
232
253
209
205
241
248
325
268
229
207
207
216
211
161
140
137
141
139
136
136
233
210
214
236
397
270
269
210
522
344
212
150
170
436
746
335
223
209
419
580
324
238
237
235
576
386
362
383
581
272
265
388
365
236
353
306
326
299
279
229
236
249
224
198
163
152
158
156
302
153
251
234
248
255
595
346
352
340
465
434
277
184
169
435
456
394
246
236
449
649
352
270
266
257
447
386
363
351
555
316
287
397
362
272
368
326
339
326
330
285
269
280
249
264
191
173
176
213
249
174
289
254
302
275
543
536
350
367
452
418
275
212
222
468
616
363
285
256
474
496
354
350
309
279
386
404
403
466
552
533
306
382
374
347
344
335
356
321
393
298
306
355
271
283
301
192
259
275
244
196
314
273
333
414
927
640
356
363
403
348
265
231
266
463
610
433
351
273
812
491
346
420
327
298
365
562
432
459
1037
380
393
379
375
342
354
351
390
332
435
323
321
360
315
278
293
267
274
272
250
253
338
297
343
398
854
402
356
380
513
342
265
253
253
350
682
396
354
340
797
462
484
475
318
383
360
805
491
532
739
369
359
361
397
348
370
342
379
326
414
341
335
348
366
292
282
271
336
263
244
277
639
302
375
369
654
350
364
348
436
384
260
256
306
338
675
448
371
354
575
520
395
370
365
358
350
1285
486
384
590
415
368
383
395
361
367
357
443
337
505
408
379
349
360
289
267
263
271
265
256
263
611
375
399
402
470
514
429
676
408
392
258
265
277
390
768
414
354
406
771
482
400
403
353
338
554
575
503
364
643
437
354
407
539
386
364
386
480
386
460
351
369
382
354
292
277
260
270
255
248
258
367
349
381
415
1001
650
412
524
411
368
406
277
271
432
913
417
352
348
387
498
377
410
364
356
435
539
376
426
572
397
363
399
523
412
377
379
371
453
530
362
386
374
356
299
277
288
269
290
249
259
396
350
525
479
404
731
402
487
624
581
319
288
262
388
706
445
437
353
601
749
506
381
368
410
383
478
378
389
481
378
412
372
385
399
371
357
633
446
479
391
382
356
410
292
261
263
255
294
268
301
494
348
627
596
1302
567
601
442
1397
699
330
270
252
375
957
397
388
392
382
759
372
391
384
366
621
501
571
606
662
375
375
358
381
358
364
369
396
443
439
410
412
364
368
329
314
263
312
311
316
309
410
405
422
526
417
437
414
509
585
560
290
313
271
407
882
502
376
397
366
439
384
433
485
475
416
407
378
594
1039
544
682
543
549
388
400
411
400
377
737
380
390
396
371
310
272
271
285
289
268
272
417
430
515
452
472
1095
424
398
609
421
366
284
369
392
796
711
412
367
367
424
387
389
430
417
520
696
492
409
395
903
407
399
385
400
379
455
428
383
702
379
372
365
470
357
276
271
262
274
304
279
442
389
448
614
655
711
394
429
528
770
292
563
288
1175
1185
843
387
420
374
412
428
419
387
424
428
474
422
549
461
488
376
431
404
387
391
500
392
415
469
449
386
368
434
306
268
268
271
280
272
268
386
398
427
495
470
930
436
487
761
399
280
315
296
429
646
441
381
402
385
491
512
422
374
417
515
482
590
395
1122
468
432
385
383
395
397
465
442
463
527
449
409
382
432
331
514
269
300
325
283
315
440
411
424
707
572
683
444
510
430
547
266
345
313
421
936
537
423
433
374
390
460
423
411
418
741
781
427
442
980
406
398
412
411
391
392
472
510
458
550
456
420
423
390
396
322
274
287
286
283
288
462
416
449
448
999
460
459
477
479
418
296
332
293
461
594
495
380
414
409
414
455
435
379
497
409
465
491
1012
575
409
433
399
397
427
434
745
413
409
478
456
433
395
442
1338
351
275
288
620
270
289
433
394
405
572
536
465
454
537
460
1029
316
279
368
1635
553
465
420
425
403
405
664
405
412
441
467
463
480
498
512
566
408
431
386
422
406
544
427
443
480
597
409
390
532
329
409
282
321
418
306
303
446
414
440
1406
480
921
739
490
567
413
363
333
370
526
556
594
392
403
389
385
540
402
390
407
2368
464
513
453
753
441
428
444
465
475
626
550
430
445
457
599
465
394
417
353
347
283
295
370
299
291
434
416
393
910
1906
511
527
427
615
447
293
297
425
505
1205
638
410
420
407
450
570
447
419
436
679
498
512
1290
945
548
383
740
431
473
520
561
467
497
478
758
391
420
415
555
344
295
308
342
340
332
517
402
457
706
1081
1266
434
630
470
767
363
298
301
488
633
847
1133
476
437
456
476
409
457
407
451
1573
1910
486
2829
1129
402
1030
472
488
471
523
399
654
1411
580
403
392
424
354
482
299
291
361
336
287
450
441
473
431
651
478
507
398
467
1513
361
297
308
542
1574
478
457
413
400
427
418
427
441
445
507
486
539
690
493
468
452
458
632
411
475
440
402
1280
911
602
465
410
471
341
316
289
288
305
507
345
424
398
465
443
573
1713
464
432
345
612
344
385
407
1477
1574
626
469
428
430
434
496
437
448
753
496
880
914
471
1005
537
403
413
555
412
423
460
435
1025
500
518
417
493
440
342
507
327
292
361
565
312
430
387
448
450
1255
714
471
523
424
837
303
958
570
1131
2013
1069
405
410
424
422
579
466
458
1034
860
2044
1325
498
506
467
585
543
470
480
1132
1997
766
460
677
502
396
467
458
320
337
288
286
350
379
322
442
481
2641
446
531
603
500
423
344
884
321
423
749
2708
2181
528
413
432
446
539
479
429
436
550
660
1080
2011
477
490
507
535
648
477
429
750
459
828
756
562
498
437
415
420
380
343
291
307
621
377
492
436
448
1049
462
1429
2268
425
427
367
470
361
343
310
1851
984
496
439
448
566
588
445
437
953
631
505
1431
643
455
591
446
543
440
483
458
420
452
457
758
475
541
430
441
426
348
326
355
326
754
401
329
442
533
733
478
549
735
555
440
415
658
406
1508
320
1214
862
1266
471
453
494
676
484
441
677
481
792
1820
710
746
708
500
609
614
1239
498
492
920
446
1270
444
542
448
436
429
328
307
298
324
917
327
320
447
460
449
667
564
527
474
487
363
413
304
428
357
595
589
905
442
475
459
436
647
407
469
1019
501
757
484
476
619
463
519
821
550
455
480
1118
478
499
536
582
495
452
415
328
506
300
302
384
371
338
477
443
437
2253
699
520
473
564
383
318
377
988
321
1459
525
573
421
460
447
610
465
435
666
1423
673
2939
484
745
1825
443
563
497
825
431
466
1004
575
484
939
452
558
466
426
367
364
335
322
361
338
367
513
422
439
535
490
1183
446
888
346
433
293
1833
318
2190
1891
649
456
447
417
547
572
498
437
1413
500
737
1284
466
549
424
498
446
595
447
468
1744
467
1053
804
456
544
489
400
356
331
311
338
1022
354
326
437
465
438
948
868
568
527
607
413
783
353
1044
347
520
1541
1165
434
455
470
1114
704
494
607
870
444
2167
1333
1203
534
562
512
421
529
477
492
476
501
1004
535
487
488
497
386
358
430
294
302
702
455
446
448
529
462
832
1019
1944
670
1454
497
384
423
1224
327
525
558
1029
436
434
438
485
758
465
588
463
507
1868
520
1206
1545
570
468
431
457
477
522
500
467
565
954
1060
467
1284
388
353
389
304
453
389
348
713
468
474
454
1998
673
970
869
491
450
360
389
557
330
1304
842
585
528
475
454
619
464
494
544
491
466
525
563
713
624
1993
542
570
480
443
441
534
522
778
517
698
472
832
428
380
364
351
322
345
335
454
491
461
463
646
1230
1560
541
484
391
394
474
664
380
1574
1041
577
490
492
481
598
515
479
514
477
474
447
487
600
499
1189
463
450
781
526
450
507
1386
542
1071
588
614
1696
444
334
817
319
312
382
408
596
499
431
439
673
1843
2387
666
772
822
344
421
769
338
1325
1469
626
512
434
461
451
808
452
484
462
481
489
1623
726
603
949
501
453
583
459
506
459
476
673
551
610
531
515
449
340
390
405
309
727
335
471
479
437
446
1183
601
617
535
595
534
360
381
544
1628
612
787
711
1276
507
486
483
518
451
503
467
452
480
542
1244
664
2259
547
703
561
530
455
482
558
1115
631
1499
444
473
434
343
391
872
396
333
417
491
484
463
493
512
471
1281
1369
1340
466
1414
395
1580
406
556
563
489
535
468
449
450
533
451
485
462
449
508
473
1663
954
2021
464
525
925
472
467
557
486
493
545
945
830
461
475
340
340
359
335
690
363
475
527
667
475
443
746
1343
466
686
364
376
435
763
413
492
481
457
547
430
471
483
1278
484
478
955
465
489
567
497
509
2082
506
1738
600
471
466
459
554
581
467
819
505
547
539
321
329
348
313
362
338
489
527
806
487
472
2278
1870
765
591
423
643
568
363
513
509
586
520
623
453
493
532
536
469
565
525
977
669
1385
989
470
1026
606
503
554
643
501
601
464
483
503
503
460
581
469
336
335
358
376
321
489
550
900
514
451
458
1131
2037
632
557
365
375
1723
1673
521
606
510
489
488
497
469
616
480
1256
555
553
478
479
534
656
1756
1975
460
508
1506
487
465
539
480
563
465
1882
493
524
462
392
354
890
340
335
339
526
460
503
654
500
2231
723
1458
521
514
380
389
1605
486
619
499
466
479
442
484
1202
554
493
493
1922
479
491
565
901
697
834
1613
532
1114
509
476
557
450
1294
469
1798
457
552
435
349
344
426
328
323
372
460
504
488
477
520
2092
1165
470
573
360
501
410
375
476
521
482
550
518
976
494
596
729
645
495
471
513
453
624
1591
660
1005
1058
449
1076
507
473
798
460
596
476
527
508
493
624
339
324
327
321
362
385
496
497
459
458
506
2391
2023
530
640
470
355
466
350
801
1809
508
511
459
533
489
539
525
545
487
765
493
470
501
483
1009
635
546
451
527
504
518
506
486
807
558
532
529
496
496
354
346
333
325
331
635
663
515
448
459
2028
1299
1780
783
1996
402
411
401
346
1956
656
1184
655
488
547
941
508
516
951
954
481
993
646
481
469
522
843
2268
478
499
511
479
493
805
492
1344
621
547
463
476
350
372
348
361
319
345
603
463
459
486
2257
635
1514
586
2545
408
364
383
641
1256
642
620
517
460
557
512
636
660
536
642
612
521
506
481
475
734
598
517
505
516
489
478
488
923
751
1327
562
599
439
428
413
325
335
360
375
349
501
510
455
478
1433
2821
597
608
770
641
381
423
352
1792
943
632
523
480
531
553
497
976
529
825
2353
1473
567
507
1849
575
1217
667
509
524
483
487
496
630
529
514
1210
494
454
449
390
345
338
328
323
358
457
502
583
515
1493
2532
2020
492
518
417
386
380
380
523
1548
494
499
531
522
522
654
534
501
1569
543
1415
662
510
2018
503
522
1041
542
506
485
486
519
502
2596
537
1231
535
445
554
372
377
354
352
520
379
1099
1659
483
1475
1905
1542
573
1015
1269
435
399
358
368
504
1094
532
491
464
732
481
559
490
478
2517
554
1636
1447
628
1152
519
511
1429
515
517
490
478
516
469
1883
467
561
525
519
385
847
359
328
341
359
325
570
535
554
1728
1579
1841
538
544
864
550
363
373
407
859
2392
701
487
478
1766
518
387
353
383
361
727
825
975
364
556
374
410
956
390
376
378
356
423
358
477
362
398
359
383
278
249
231
263
249
258
231
402
360
713
362
693
767
1021
384
513
285
262
251
262
370
1977
1518
398
376
401
