1411
1080
1072
1069
1088
1073
1077
1064
1087
1088
1068
1080
1067
1088
1074
1092
1072
1085
1072
1085
1073
1062
1091
1072
1085
1186
1087
1093
1075
1083
1085
1069
1069
1068
1081
1068
1090
1068
1087
1068
1068
1091
1062
1106
1076
1089
1071
1071
1090
1091
1083
1062
1080
1068
1070
1158
1216
1073
1064
1087
1066
1091
1066
1087
1074
1068
1085
1067
1069
1072
1084
1074
1070
1065
1072
1084
1087
1070
1067
1088
1070
1070
1073
1088
1067
1076
1065
1114
1086
1076
1073
1075
1066
1065
1067
1069
1070
1071
1071
1085
1066
1068
1086
1092
1086
1072
1080
1070
1089
1083
1155
1068
1088
1069
1074
1081
1090
1074
1067
1083
1065
1070
1065
1072
1068
1069
1065
1061
1076
1071
1079
1067
1080
1072
1090
1073
1087
1066
1071
1072
1072
1071
1069
1072
1087
1087
1087
1071
1076
1066
1068
1070
1065
1062
1068
1076
1074
1074
1075
1070
1087
1156
1073
1069
1090
1065
1090
1070
1070
1064
1071
1076
1067
1064
1084
1099
1065
1086
1067
1089
1083
1071
1075
1066
1084
1070
1066
1065
1087
1067
1072
1089
1087
1073
1076
1065
1071
1087
1070
1072
1082
1071
1093
1088
1069
1071
1077
1075
1066
1084
1078
1074
1072
1070
1086
1070
1071
1068
1067
1261
1070
1071
1069
1072
1071
1093
1071
1091
1841
1073
1070
1090
1089
1065
1086
1067
1069
1091
1070
1071
1065
1074
1068
1067
1158
1095
1105
1084
1149
1077
1204
1092
1076
1092
1070
1082
1069
1115
1071
1067
1071
1080
1070
1112
1068
1162
1071
1068
1075
1069
1078
1087
1102
1087
1069
1080
1074
1073
1196
1405
1094
1073
1092
1300
1895
1075
1066
1072
1085
1093
1088
1093
1078
1071
1079
1071
1072
1068
1070
1073
1114
1089
1071
1071
1088
1075
1066
1066
1162
1092
1072
1083
1087
1090
1071
1072
1064
1065
1087
1067
1084
1072
1089
1067
1065
1063
1064
1085
1070
1082
1075
1077
1090
1073
1072
1089
1074
1074
1069
1090
1068
1096
1068
1083
1070
1069
1070
1075
1067
1088
1068
1085
1106
1078
1087
1068
1074
1070
1064
1075
1083
1075
1087
1067
1069
1104
1075
1078
1066
1095
1064
1069
1724
1089
1067
1081
1071
1088
1078
1095
1084
1066
1077
1068
1077
1067
1076
1073
1120
1071
1071
1087
1087
1078
1062
1070
1184
1072
1068
1070
