1411
1073
1068
1066
1070
1066
1065
1072
1087
1083
1082
1070
1065
1071
1094
1114
1084
1068
1083
1084
1080
1062
1091
1091
1070
1068
1070
1071
1156
1071
1071
1071
1074
1080
1073
1089
1072
1096
1075
1066
1072
1091
1062
1066
1073
1086
1065
1069
1073
1075
1093
1069
1068
1070
1092
1071
1089
1068
1087
1077
1069
1072
1106
1087
1088
1092
1072
1072
1069
1066
1088
1072
1067
1112
1300
1071
1067
1083
1067
1068
1088
1085
1076
1074
1067
1086
1068
1087
1090
1084
1069
1071
1158
1068
1895
1088
1065
1070
1069
1077
1073
1186
1089
1068
1076
1072
1069
1087
1065
1070
1071
1093
1095
1162
1075
1075
1063
1069
1104
1067
1077
1087
1071
1085
1065
1080
1065
1087
1090
1066
1077
1071
1105
1071
1066
1066
1064
1070
1075
1076
1064
1093
1071
1067
1114
1070
1061
1071
1070
1065
1075
1091
1084
1068
1072
1066
1085
1075
1078
1073
1087
1075
1090
1069
1086
1089
1076
1076
1070
1087
1066
1841
1149
1075
1085
1162
1070
1067
1066
1120
1088
1083
1091
1072
1076
1083
1071
1066
1064
1067
1084
1073
1077
1069
1093
1092
1082
1088
1095
1071
1068
1085
1083
1084
1073
1155
1079
1068
1071
1072
1078
1070
1204
1078
1088
1072
1075
1068
1064
1071
1080
1069
1062
1074
1075
1068
1067
1070
1076
1089
1074
1090
1092
1087
1093
1083
1077
1085
1069
1087
1067
1069
1080
1070
1066
1088
1080
1065
1067
1087
1072
1089
1076
1102
1078
1087
1090
1106
1724
1087
1088
1068
1068
1065
1065
1069
1072
1062
1064
1073
1070
1065
1092
1087
1071
1090
1073
1078
1089
1078
1074
1081
1070
1072
1067
1074
1090
1068
1084
1076
1086
1086
1070
1069
1079
1071
1072
1087
1067
1062
1092
1068
1158
1084
1069
1081
1073
1076
1099
1065
1070
1067
1082
1080
1071
1072
1089
1068
1081
1070
1072
1090
1216
1087
1070
1090
1087
1074
1065
1071
1071
1069
1069
1074
1072
1064
1074
1074
1071
1184
1085
1068
1073
1070
1071
1074
1066
1074
1086
1087
1068
1091
1115
1073
1068
1065
1074
1070
1088
1072
1072
1087
1064
1067
1071
1067
1071
1075
1067
1070
1067
1070
1071
1196
1070
1087
1069
1064
1078
1068
1085
1068
1087
1088
1085
1083
1072
1070
1089
1072
1261
1071
1067
1405
1073
1067
1090
1075
1095
1070
