1409
624
589
598
596
587
590
609
602
606
606
592
616
594
609
615
583
601
603
607
590
588
638
585
598
587
585
608
619
588
613
594
613
598
606
608
587
606
591
597
600
600
584
592
601
607
603
594
592
591
609
587
595
591
606
594
613
598
609
604
587
609
598
609
595
603
614
621
604
625
603
598
605
597
708
597
609
596
601
588
613
592
606
599
584
597
595
605
582
593
596
585
631
596
1526
601
595
589
620
598
597
608
594
595
610
609
597
592
597
589
611
614
595
632
596
602
594
604
591
621
611
596
594
590
600
626
609
602
590
605
601
590
625
595
602
593
631
618
614
601
589
603
589
588
610
597
593
590
593
599
625
604
610
597
610
602
598
617
602
612
589
588
597
592
597
623
607
616
616
600
597
830
627
606
592
615
609
582
613
592
596
594
607
602
607
586
596
612
618
597
601
593
623
604
624
602
602
605
615
598
605
641
590
590
599
608
600
603
593
602
604
594
602
599
595
591
605
618
594
604
605
588
593
596
598
593
598
619
583
614
603
603
595
593
606
604
620
601
585
617
609
589
592
624
647
592
600
594
612
604
612
614
605
594
599
602
630
621
779
593
608
589
611
591
588
620
627
605
588
598
608
607
602
609
591
620
588
603
622
590
592
599
607
597
625
592
612
586
614
593
620
619
594
589
592
608
596
600
603
587
600
593
631
597
588
593
612
602
607
604
596
587
607
602
609
587
605
613
630
600
597
600
613
619
599
619
621
621
584
602
600
610
619
600
613
590
604
606
591
615
602
603
588
607
590
592
597
615
600
614
621
607
602
607
616
620
589
587
596
596
595
616
605
596
615
591
604
614
604
593
598
607
597
624
601
593
612
603
595
602
604
605
605
589
592
595
600
588
607
609
593
602
593
630
585
620
609
597
634
610
