174838
171561
177646
171999
171969
171803
172458
171668
171373
172085
172624
171874
172002
172325
171770
172431
171636
174660
172842
173049
171951
172048
171715
171757
171916
171620
171930
171642
172029
172123
171927
172239
172645
172080
173817
173061
171751
175993
175157
173487
171840
172143
171478
171665
171471
171864
171669
171963
171515
171912
171860
171588
172406
171846
171769
171954
171761
173404
171899
171664
171833
171927
172156
171664
172484
171505
172744
171779
171633
171842
171847
171880
172768
172474
176337
172797
171943
172979
171629
172162
171851
172180
172212
171783
171934
171627
172022
171483
172339
171656
171998
172047
172441
175266
178221
173620
171937
171845
185016
171995
172318
172535
171961
171951
171742
172215
171645
171761
171770
171695
171668
172357
172925
178544
172580
172905
171865
173395
173750
171684
172479
172260
171819
171843
172184
172390
171855
171445
171640
171730
171975
173143
172881
172921
171826
173693
172202
172829
171564
174516
171727
172608
172266
171707
172365
171454
171767
171753
171549
171556
171596
174114
172814
172143
172475
171837
171975
172374
171808
171702
171818
171862
172411
172140
171713
172141
171894
171889
171669
171568
172027
173917
173290
171889
175419
172534
171883
171834
174167
171793
171799
172181
172041
171751
171821
172337
171545
172188
172011
171850
171912
171939
172439
171879
173493
173352
172149
172373
171995
174617
171974
172685
172269
172093
172083
171808
171669
171698
171893
171561
171506
171702
185636
178012
171731
171710
172827
173505
171894
171734
171925
172523
174187
172334
172053
172534
172903
172546
179667
171488
172098
171679
191918
172085
172942
173090
171908
172062
173316
173666
172116
171655
179160
172021
171984
172298
171752
171728
172344
172034
171665
171597
171156
171971
169599
171913
171938
172551
172259
172206
171784
172040
171982
171363
172575
172057
171736
171866
171644
171828
171662
172077
177482
171990
173228
173062
171965
172038
173468
171792
171688
172181
172193
171985
172499
173622
171483
172064
172069
171676
171702
171797
173057
188831
171657
174250
172189
172042
171841
173549
171944
171737
170919
171825
171673
171891
171435
171727
172059
171829
171661
172250
177683
172381
172531
171877
172064
172450
171879
172170
171860
171661
180683
169984
172042
171552
171754
171570
171892
171652
171682
172080
174463
172677
173249
171873
172208
171953
173558
173792
172064
172526
174075
171947
172255
172508
172122
171600
171915
171415
171482
171574
172073
171871
172375
172071
172078
171875
171949
183139
171877
171894
171830
171703
172061
172037
171526
172184
171770
171569
171674
171676
172195
177191
172405
171922
171895
172085
173589
174867
172251
171746
171949
171616
172172
171955
171909
171489
171715
171818
173108
173144
171805
173320
171626
171893
172215
177700
171840
172009
