6349
13885
13117
9671
12767
17723
22604
27124
36362
40056
3652
5992
8556
11432
15225
20020
24041
29228
35010
41117
3616
6135
8691
11082
14243
17931
22496
31891
36100
46265
3516
5985
8723
11813
14834
19749
25912
29690
34146
40705
3539
6340
8871
11471
14430
18196
22921
30644
34776
41458
4122
6647
9307
15011
15356
18735
22688
29538
38059
41441
3897
6379
8790
11680
14711
17708
23307
28819
34876
47804
3898
6545
9040
11618
15475
18687
23929
31234
37954
43269
3794
6009
9645
11436
15178
21317
23719
29206
36103
39382
3702
5946
9267
11534
14826
18611
23718
29155
33851
45295
