2463
986
1008
998
1007
991
1004
985
982
997
995
998
1006
999
995
1012
988
1000
1004
996
998
988
991
992
981
989
1001
1064
982
983
1017
978
981
981
1026
985
994
980
998
1000
976
1011
996
1084
1005
986
988
1002
996
979
1003
1001
984
1004
983
1132
1116
976
1012
1000
992
979
1003
1002
991
989
986
998
1005
993
983
990
1014
981
989
1009
986
1000
1001
985
1005
996
992
990
989
1002
1002
984
988
990
1011
1008
1021
997
1033
978
1007
983
1010
984
977
979
986
993
1009
1006
1004
999
1017
980
1006
984
997
1014
992
983
999
1005
984
1004
983
977
996
992
987
989
988
1001
1000
989
992
1015
993
1016
1007
982
997
1003
1006
994
986
1020
989
1019
1013
984
995
1000
1012
1003
996
1006
985
999
977
1017
1012
991
1024
997
1009
1002
1005
1017
976
987
986
1001
985
992
985
979
1013
978
990
1017
992
991
999
1015
997
979
987
1007
986
992
1019
1009
1002
989
997
1024
998
1003
983
997
988
1002
1003
1005
984
987
1003
999
1007
989
998
1003
990
998
998
1020
1018
1003
1000
993
993
1012
992
985
984
986
988
1003
980
1024
993
993
2476
1001
990
1239
1250
1001
994
997
988
1247
1253
1012
1010
1004
987
996
1005
1003
999
1012
1059
1133
985
987
999
988
982
1000
998
1024
984
1000
990
995
993
1004
1005
1067
989
990
1002
1000
991
981
986
990
984
993
986
998
1019
995
987
992
1015
1145
2524
1010
994
997
993
1014
991
995
995
984
997
1011
1022
1020
1011
994
990
981
986
1011
974
994
982
993
1055
992
999
983
1009
998
982
990
986
1009
984
997
977
997
1002
1001
983
1006
1009
1001
1000
1016
989
1004
1005
980
989
992
999
981
986
1131
993
996
988
1000
977
997
988
1005
973
1093
991
1011
1085
996
1013
1005
998
985
995
1005
1021
987
981
993
1025
1014
1011
1007
989
991
1004
978
1954
1014
986
1006
1000
988
983
1008
1019
982
995
985
989
1000
987
1002
983
990
1013
987
986
991
993
988
1141
990
992
1017
