233
289
193
195
195
196
192
191
195
202
302
194
209
213
190
196
200
190
202
228
194
188
191
192
190
143
127
125
126
127
129
131
196
191
189
195
194
197
197
190
171
130
121
130
125
319
250
209
209
189
273
235
358
228
215
217
349
218
218
220
469
235
230
331
229
209
222
217
223
217
216
217
217
221
220
162
139
140
140
143
142
139
224
220
221
228
284
226
217
239
293
153
138
141
144
222
652
221
223
218
300
323
254
234
236
235
265
240
237
250
363
235
253
278
237
233
235
235
227
235
232
231
239
234
229
178
149
150
154
152
155
150
233
234
237
248
461
242
232
239
225
169
156
150
154
270
297
240
241
234
325
394
250
257
251
249
257
250
297
246
405
249
258
287
249
284
249
252
253
249
255
246
249
242
242
188
160
157
164
168
159
168
245
249
247
284
459
448
243
262
353
211
164
160
161
259
463
246
275
252
355
359
256
259
257
260
256
266
286
312
387
362
262
262
263
259
255
262
271
257
255
262
257
260
256
199
189
167
176
167
170
176
258
264
257
269
762
377
259
270
230
175
173
166
169
280
450
269
257
253
570
353
266
341
272
322
262
280
268
294
1174
262
271
269
419
262
283
278
268
274
274
267
272
286
310
204
187
172
192
172
174
187
279
271
274
283
605
268
270
270
366
187
174
173
170
264
626
264
263
262
489
338
305
315
269
278
273
343
268
277
436
274
280
279
272
276
286
276
278
269
273
284
281
274
295
214
178
187
186
179
179
180
406
273
278
278
813
269
412
297
244
202
183
194
179
296
475
278
276
284
437
375
279
272
279
283
279
707
329
288
403
288
278
283
279
280
286
282
339
286
424
289
280
285
280
218
196
185
181
206
186
187
549
285
288
294
303
298
292
334
248
194
201
189
184
330
473
292
285
282
484
382
293
289
290
280
303
309
284
282
418
363
286
402
325
285
308
311
419
307
404
303
287
288
293
221
201
187
191
183
185
191
278
289
287
307
1071
481
297
459
284
198
265
226
187
286
828
289
290
291
498
350
288
288
294
296
293
323
292
290
457
411
293
294
458
301
292
291
288
305
514
297
343
293
288
223
191
202
197
195
188
192
299
294
410
355
288
458
294
319
420
231
193
188
210
293
477
316
297
292
491
626
327
300
310
299
331
313
302
295
298
337
299
294
295
299
298
297
374
327
308
301
297
294
296
222
214
197
191
192
197
243
306
298
504
496
1275
328
354
309
1748
356
195
195
190
311
1053
299
299
316
277
809
303
309
338
298
355
1370
300
455
449
296
300
303
295
301
313
303
301
325
311
314
309
311
314
232
193
200
199
198
199
196
306
305
310
351
306
309
342
325
403
215
220
197
194
302
537
305
346
306
276
304
302
311
312
346
299
307
307
313
1404
520
534
318
385
328
306
309
304
303
511
306
308
311
301
239
196
196
199
201
202
197
491
312
321
351
312
467
306
317
387
285
205
200
199
310
478
676
311
310
286
308
308
310
374
312
381
491
388
315
305
554
310
310
312
313
313
418
319
310
333
312
309
306
318
235
201
202
200
200
205
206
319
312
330
413
338
410
312
316
294
671
208
328
208
1270
1374
535
308
314
294
434
358
325
312
314
308
461
315
336
326
323
327
317
362
312
323
359
387
307
317
321
311
341
353
237
203
204
204
207
215
208
354
320
319
318
351
1087
320
317
296
211
203
203
234
321
502
316
322
326
290
338
323
317
311
319
308
317
365
335
1208
314
321
317
318
315
320
327
324
313
335
333
329
319
315
245
290
203
203
208
202
206
324
320
320
520
372
358
337
338
305
259
207
210
211
316
776
447
323
321
299
349
321
355
331
319
810
1837
334
328
1286
389
328
456
331
320
323
327
377
327
393
319
327
330
318
246
214
208
219
232
213
224
336
348
324
324
1061
332
343
398
315
232
216
209
217
396
347
326
322
326
309
323
361
324
337
339
336
333
350
634
333
322
339
322
328
325
331
543
326
330
326
337
321
330
322
1614
212
213
214
317
210
211
330
350
331
375
334
327
320
378
286
1000
213
210
218
1169
357
325
319
332
308
354
349
350
327
327
352
332
375
333
488
420
328
328
325
333
332
331
337
328
344
365
330
333
340
245
220
225
220
223
213
213
329
329
337
1824
352
798
340
352
285
225
214
209
340
343
346
379
346
327
312
321
344
327
324
333
1868
341
343
330
426
334
332
329
330
338
451
347
339
330
362
453
332
328
338
246
216
216
211
214
216
214
331
330
328
706
1889
379
348
329
335
232
214
217
217
347
598
546
327
375
308
335
350
356
333
334
366
627
402
1505
1956
350
332
453
334
340
344
357
368
325
328
351
328
392
335
261
213
217
254
216
214
217
335
330
348
448
1352
1744
339
793
283
398
218
221
211
343
382
1054
789
331
329
355
340
335
410
332
350
1316
2836
336
2699
1466
337
965
339
338
334
385
336
400
1067
403
330
330
331
249
337
217
218
215
224
215
335
338
340
339
392
355
348
354
279
1467
222
220
218
339
1478
336
348
341
314
344
337
340
347
336
339
351
344
405
387
336
334
339
1045
338
340
335
336
1806
351
408
331
338
388
255
217
219
221
234
382
215
356
334
446
362
360
1386
356
343
274
287
222
225
224
2075
1831
415
338
335
331
334
357
342
338
1018
349
634
649
334
591
491
345
332
504
346
411
350
345
761
462
435
346
338
326
266
282
221
221
221
252
219
342
339
351
346
915
377
362
384
402
544
222
998
270
508
1702
512
340
354
328
346
339
343
368
876
353
2303
1973
340
343
375
489
394
341
344
1154
1958
373
344
470
364
335
343
321
261
224
222
232
229
263
242
393
476
2698
346
347
416
344
342
271
1246
219
227
791
2078
3163
476
350
345
328
369
347
341
352
345
337
402
1752
344
406
499
345
435
353
350
703
343
860
374
701
345
365
347
327
253
221
222
224
598
223
294
351
376
370
363
1484
2125
344
342
279
228
228
224
224
1959
805
350
350
344
337
375
343
351
871
452
382
689
422
347
500
343
373
344
350
343
354
356
350
359
342
354
339
348
331
280
226
230
223
384
228
228
345
354
385
355
363
554
425
352
269
345
229
888
229
629
693
1217
347
349
344
536
353
351
405
390
549
692
443
490
530
363
477
381
1212
352
353
520
346
925
343
365
342
352
330
259
229
228
250
1734
226
227
354
359
353
432
379
350
356
385
264
226
228
229
252
421
441
1058
426
345
337
342
474
353
347
1169
371
375
349
354
442
340
366
545
362
356
346
1098
349
348
340
350
349
352
327
286
234
226
228
230
223
228
351
365
354
2426
537
366
352
380
269
229
342
1284
227
1532
360
372
348
346
352
393
361
350
395
550
489
2262
342
603
2022
351
359
353
369
350
352
1476
598
344
510
348
458
354
347
253
233
227
227
234
230
224
362
358
351
365
354
1763
359
752
272
238
227
1458
228
1832
1995
433
368
350
334
369
494
354
353
921
375
1026
1608
357
364
347
361
358
368
370
366
617
354
1844
1329
372
453
399
332
255
233
244
228
745
234
229
371
386
353
541
1314
369
358
366
282
435
230
961
234
356
1434
554
358
352
341
1074
373
373
480
353
361
2805
479
1500
398
372
397
355
356
360
411
360
368
381
365
357
356
372
326
250
241
229
244
439
284
352
360
375
376
1069
1549
1923
494
1739
302
247
237
659
238
365
410
518
358
357
343
421
867
360
430
358
357
1701
362
526
1542
574
350
358
353
372
357
441
403
353
486
680
363
1517
324
264
233
246
294
229
229
361
376
367
360
2040
369
547
785
402
268
244
237
351
237
1552
590
379
409
369
348
451
356
365
397
354
362
362
377
404
391
2544
415
393
361
356
356
1172
366
525
360
375
361
509
324
277
232
234
237
235
237
370
371
369
355
409
2059
1812
376
362
273
238
302
376
237
2612
1353
371
385
358
354
379
367
355
358
363
399
368
493
474
397
1028
368
359
471
364
367
362
1704
746
1076
403
380
888
328
251
255
231
235
230
238
393
375
364
360
497
2141
2487
425
498
835
247
245
388
241
1125
974
436
363
357
340
358
549
360
363
357
379
377
696
366
391
1197
368
361
526
373
430
365
367
368
492
366
378
366
322
250
235
237
230
269
237
378
367
368
371
920
366
376
371
415
284
241
235
333
945
386
438
388
2055
363
360
365
370
403
364
364
366
366
443
385
494
1304
373
397
381
409
373
379
433
1001
440
468
454
358
322
255
237
337
251
234
415
364
372
367
372
366
362
951
2048
1883
295
1084
239
1910
291
360
414
362
395
370
351
369
876
387
367
367
360
374
382
718
719
2288
369
377
623
362
358
392
368
367
389
472
552
372
318
251
239
231
235
382
239
401
376
429
370
372
631
1431
364
732
262
241
262
274
246
392
364
382
387
420
348
362
702
363
396
421
367
368
382
365
372
1036
567
1180
627
364
362
365
396
365
399
724
367
385
345
246
235
254
236
241
241
375
370
411
371
373
1531
2226
516
424
379
494
429
238
352
375
456
409
387
367
386
372
373
371
379
361
802
456
1420
514
366
996
383
369
378
385
365
366
371
363
418
365
382
374
353
255
266
235
245
240
264
409
910
372
375
386
645
1425
767
382
262
239
1954
775
395
368
382
368
363
391
361
383
372
1050
381
532
372
388
377
853
1955
2835
367
368
1221
368
377
367
363
365
356
2387
404
364
348
251
262
1763
240
282
250
372
377
397
425
377
1635
446
768
377
415
245
246
1670
370
366
376
374
377
372
349
826
375
510
372
1014
367
382
435
423
652
439
2022
402
490
370
375
372
375
1354
366
1571
370
371
307
254
242
247
242
239
239
367
371
376
374
418
2231
1268
371
406
262
267
305
237
400
367
369
378
373
854
366
475
575
397
380
407
372
378
363
1274
453
893
511
370
425
373
372
601
364
516
383
418
367
388
313
252
256
255
243
240
271
382
381
379
414
376
2555
2469
377
387
266
253
254
306
660
2017
391
373
384
376
377
426
375
437
371
568
375
372
686
373
612
724
376
366
376
375
374
393
373
590
384
377
378
393
309
272
241
377
242
245
360
447
376
376
398
1976
477
2026
623
1107
261
252
265
247
1347
594
811
518
373
404
861
380
368
622
393
388
806
382
373
378
376
435
1775
375
399
394
394
377
603
376
803
384
371
377
333
253
246
243
247
239
257
424
391
376
380
1808
407
1783
494
2102
247
247
247
272
1179
378
511
372
371
386
370
392
389
382
422
1004
388
384
375
378
398
617
369
380
375
386
373
375
395
636
887
403
388
372
294
252
260
244
257
245
259
421
383
384
379
1968
2993
398
479
680
265
247
241
438
2172
416
402
377
373
401
411
372
751
378
1017
2363
1089
372
376
2065
376
745
535
382
388
372
373
377
444
394
380
457
373
373
331
245
257
270
246
243
247
376
379
404
382
2398
2622
1667
389
358
248
265
245
249
418
1620
433
369
383
382
375
444
387
373
1488
380
1102
381
379
932
380
375
1149
454
375
379
414
381
389
2643
401
1044
422
372
370
248
243
248
246
260
245
825
1982
396
1955
1801
1687
396
657
1588
262
246
257
250
381
877
388
379
374
451
367
425
396
393
2447
381
1965
1506
388
707
380
381
1113
373
382
381
377
382
386
2286
382
373
383
386
293
422
255
244
250
259
246
639
392
579
1362
1908
2063
391
383
457
483
279
244
255
642
2474
394
374
388
857
497
373
361
359
380
368
401
795
369
550
368
376
897
387
373
361
373
370
365
359
364
374
364
359
282
241
241
238
235
237
234
362
366
495
367
581
647
409
368
314
242
236
235
240
368
1247
974
372
365
369
