4920
2700
2723
2601
2672
2821
2658
2766
2789
2780
11524
6012
6175
5843
5648
6052
5625
5963
5863
5399
6798
10549
10136
10883
9631
12994
9470
9474
10954
10040
9935
15640
15275
16138
14012
15302
14253
15065
14701
15926
14072
20362
20505
21074
19116
20138
19668
20484
22459
21672
20063
26471
25505
26490
25706
25395
24651
25469
26050
26555
26092
30792
30497
31972
30860
30874
31252
31078
30676
31352
31578
36368
36588
37123
37629
35954
36078
37229
35230
36675
44151
41916
42850
40315
40930
42898
41154
41138
41317
41474
45051
45645
43109
45559
45706
45907
49488
46245
43760
47909
