3704
1866
1777
1881
1838
2136
1965
2013
2012
1947
7268
3139
3135
2958
3224
3310
3099
3121
3093
3206
9704
4521
4341
4304
4721
4443
4808
4670
4576
4855
5170
5241
5900
6566
5919
10572
6176
6055
5781
5877
6664
7658
7365
7378
7712
7672
7402
7998
7917
7880
9255
10855
9087
9888
9576
9276
9536
9591
11038
9045
11579
13394
11554
13000
11642
11591
12296
11783
12736
13042
12429
14495
17504
15047
14711
14883
15063
15836
14690
14769
18234
18613
18115
16587
17636
18886
19067
17786
18170
17550
22590
20596
21170
20809
19823
21124
26746
22461
21806
22161
