158
179
227
236
240
444
389
330
369
193
384
215
206
218
251
216
220
232
241
293
242
276
242
323
263
485
284
313
314
379
282
308
306
323
337
310
339
369
465
397
527
373
648
536
1389
601
662
811
1034
828
208
154
192
257
226
222
230
319
255
277
609
727
345
296
287
318
266
315
291
269
409
419
450
409
321
696
553
1034
404
594
685
1127
544
538
670
445
655
441
643
1105
848
1123
665
604
794
1151
716
684
664
807
102
178
166
167
175
182
308
207
221
216
298
227
239
236
269
623
395
291
526
659
385
506
320
391
925
386
406
392
870
480
478
854
1017
448
789
1405
835
877
1835
1014
555
1006
678
918
934
690
1237
758
532
755
115
141
149
157
185
195
358
196
211
222
230
242
322
253
272
272
302
356
296
303
421
300
339
375
546
390
386
380
333
397
689
613
436
421
589
448
415
454
625
536
1017
627
1089
667
1348
639
997
754
551
519
110
130
152
171
175
187
178
189
199
215
212
227
393
235
243
252
272
262
289
267
304
345
354
384
402
379
861
477
448
675
374
495
526
942
618
537
650
493
473
1057
660
476
649
557
811
774
992
1857
1929
497
117
145
154
171
177
173
194
206
202
215
400
237
240
299
344
295
316
583
344
304
350
297
446
729
913
646
397
736
1200
1184
1255
1053
473
652
501
524
453
456
1548
726
662
1358
510
516
539
701
2399
824
860
1447
106
145
214
182
178
178
205
192
530
212
236
603
265
303
326
830
933
298
290
1757
430
351
1035
665
705
896
645
1616
606
676
689
431
744
425
462
441
477
478
467
1204
549
539
850
641
1354
771
1099
1065
1781
1890
111
133
161
165
196
208
708
506
642
319
448
224
240
620
300
648
758
363
424
382
477
1636
589
766
1311
1302
1073
1612
1478
2120
880
1551
1499
618
438
553
579
552
627
870
567
610
447
514
1137
706
1439
838
1567
1230
121
130
153
169
185
244
189
206
302
211
225
505
253
456
243
539
312
350
635
613
453
1373
489
994
1381
1638
967
794
684
720
968
1321
802
763
448
1141
541
525
857
1415
1008
701
1497
751
594
546
752
587
1147
593
123
135
157
155
279
205
204
205
205
356
236
403
952
272
453
289
362
735
747
423
968
615
707
350
862
546
434
896
508
959
439
896
1427
680
995
1095
1467
1663
540
1155
698
671
1552
528
528
581
1789
1966
1723
1139
191
180
238
253
210
717
390
409
443
459
284
643
635
248
492
870
916
951
484
1297
1538
2422
789
1050
1265
542
743
1049
984
1434
700
919
1555
1171
732
1118
1133
1215
842
827
1141
1170
977
1060
859
1162
713
704
613
1101
102
202
150
162
194
180
200
231
413
228
225
225
556
436
322
584
258
295
639
339
595
909
415
459
484
411
486
421
574
406
374
816
955
1671
1311
1241
1478
1813
1482
1343
1254
1408
1118
1098
1399
663
1215
868
740
571
126
141
170
172
184
207
191
208
203
216
281
223
503
249
243
373
273
347
272
364
266
291
456
317
938
1023
705
476
440
802
726
473
588
724
468
562
654
464
459
951
530
1500
1596
1070
2276
917
1409
1043
1463
916
105
149
170
172
181
192
197
250
245
219
232
219
389
329
278
253
274
291
309
405
401
1174
380
329
504
792
369
1042
1141
757
412
358
407
703
443
443
903
730
1340
762
886
1078
434
461
587
778
655
1006
894
894
106
195
164
173
175
179
217
208
209
233
235
248
514
243
240
253
250
280
274
551
300
457
354
631
466
615
596
1125
734
1269
759
1013
475
554
990
680
548
1238
1098
634
1836
1274
1471
771
600
654
635
737
758
716
115
118
152
165
178
181
192
206
216
257
237
213
239
252
247
264
264
315
305
649
386
614
309
297
609
353
437
458
434
370
422
547
432
422
495
452
432
467
496
1088
583
726
817
607
642
575
617
607
560
711
118
146
150
170
174
185
191
206
217
211
222
221
266
238
255
263
272
336
288
797
507
471
585
326
953
943
346
536
553
581
465
419
573
420
389
725
444
531
503
688
490
529
550
751
490
564
634
654
575
560
103
143
153
171
178
181
189
220
213
218
207
225
249
258
356
401
485
484
941
524
394
415
370
472
1541
435
446
488
1113
830
1980
507
427
703
794
476
573
537
488
1063
1271
1239
688
590
632
589
753
625
544
954
150
139
139
155
177
188
197
482
220
205
358
240
246
267
263
368
763
287
353
337
531
294
302
362
458
626
417
440
578
491
459
741
478
851
1196
542
618
564
393
427
605
443
511
587
936
1427
1196
651
514
488
119
134
156
166
166
188
184
198
207
233
230
239
227
232
333
574
457
295
362
421
550
773
1214
967
493
1041
1152
1057
741
779
990
1289
990
561
1030
1634
1364
614
1280
559
1216
1143
841
1252
686
1148
903
2063
1482
1032
116
126
149
177
203
236
197
199
264
268
513
303
837
487
295
472
550
578
504
424
582
1227
1099
433
1067
390
576
398
930
799
648
1047
1128
900
1200
571
908
613
487
449
547
605
556
1061
1722
1455
968
731
499
493
104
132
151
169
170
185
194
227
195
215
233
325
235
243
362
468
561
490
739
555
675
676
650
651
761
670
614
440
951
443
465
660
1043
864
599
1008
1443
1258
755
777
1449
1523
971
1014
850
748
2217
881
1317
636
106
133
157
166
178
181
202
217
204
236
228
265
253
235
252
267
313
395
295
379
280
289
415
341
305
355
350
406
686
914
680
425
479
509
681
471
446
1055
684
460
607
481
564
638
911
526
718
508
685
726
108
152
148
160
202
192
188
196
213
216
212
241
240
240
248
254
270
278
274
291
295
287
315
808
467
326
369
377
423
602
557
721
1052
708
1333
782
547
417
905
1252
1101
789
631
690
468
462
469
468
643
480
110
139
142
153
172
187
198
200
202
199
317
226
226
540
317
360
266
402
588
285
328
302
446
425
589
324
403
336
322
340
344
341
342
444
557
567
477
764
622
568
527
590
617
1122
1037
614
739
608
429
484
77
90
113
127
130
135
157
152
160
157
165
178
181
211
185
192
482
871
220
263
485
269
265
246
245
367
270
257
279
314
345
356
357
388
300
307
312
346
309
326
540
346
371
335
378
588
690
489
790
724
77
86
94
106
117
118
129
126
138
145
142
243
144
154
162
476
208
345
547
352
362
582
248
739
304
352
315
233
896
442
303
717
650
444
991
569
709
334
320
359
426
358
330
386
519
351
392
578
422
406
71
88
95
106
106
118
141
131
136
135
148
147
143
166
161
170
175
175
180
198
211
217
215
282
226
225
263
248
247
367
258
258
271
365
270
702
1065
461
371
429
1153
647
351
370
392
364
363
396
371
390
71
87
98
106
115
128
151
124
141
148
142
177
159
154
162
204
181
189
237
193
222
205
220
219
235
243
248
242
249
253
378
251
346
314
299
280
446
351
303
583
366
326
345
351
430
453
348
458
378
457
72
89
99
125
144
115
126
134
128
165
159
189
173
208
175
238
189
807
443
442
282
443
228
420
345
861
852
951
511
372
1103
777
752
381
642
939
329
412
375
311
355
328
425
338
331
543
353
392
385
405
79
92
105
101
114
116
127
132
132
135
148
160
151
197
159
165
181
172
203
213
298
304
534
432
307
617
387
264
509
286
360
746
396
320
818
325
308
469
360
956
331
533
586
659
417
399
429
606
355
534
83
86
97
108
116
116
126
136
135
140
170
170
150
166
166
233
180
187
194
192
296
209
379
247
267
604
279
260
311
487
282
412
967
476
601
497
680
495
495
556
570
499
668
1143
639
584
505
1200
916
574
111
133
141
160
172
199
349
291
194
272
566
257
264
272
254
367
463
323
396
354
526
415
328
347
361
354
383
431
450
833
384
442
473
629
708
518
614
756
873
863
442
651
658
738
498
775
726
1179
1074
521
101
141
156
169
170
180
185
204
197
213
217
277
338
244
278
269
286
268
298
296
308
406
290
299
354
398
822
404
371
368
493
461
524
448
376
395
449
1087
1025
814
809
625
451
448
488
477
738
546
724
1106
103
139
159
163
183
194
198
235
214
394
479
308
383
276
340
281
400
282
377
284
372
534
326
332
2248
1632
1098
393
402
409
410
390
430
602
423
420
654
516
635
443
779
548
487
452
578
598
899
1585
2184
695
112
124
162
180
182
185
197
205
225
248
594
510
463
701
687
1025
513
462
1199
917
951
325
383
395
379
378
601
969
1729
1072
850
543
1254
1256
876
1236
785
430
511
434
635
602
772
1663
1799
1881
1260
1690
1581
1449
117
180
180
264
563
458
469
249
533
291
755
319
548
1019
430
611
1363
562
565
1474
785
903
875
1033
998
1281
706
530
962
647
591
603
802
642
1394
1385
538
1066
1740
1585
2182
1426
1835
1588
1065
1887
2229
1575
1594
1145
120
148
150
200
317
205
184
350
357
704
722
337
1073
719
1332
845
474
538
828
411
1194
491
1385
1004
1001
1515
777
695
942
1036
953
1551
1559
1429
1550
970
1692
1339
1506
1755
991
1271
1742
1296
1596
1011
2374
810
768
1375
113
135
144
150
177
189
193
219
260
257
628
256
298
248
337
381
429
460
994
342
336
712
423
374
815
347
437
539
561
390
1053
946
816
813
475
720
1173
517
1168
1079
1289
530
956
945
562
655
603
1753
1017
952
104
138
175
167
177
213
188
308
292
257
228
363
250
255
433
362
284
707
374
332
402
307
314
766
340
349
374
560
896
951
951
1418
556
578
827
913
1160
916
1251
707
829
923
1094
2011
1893
1276
938
1358
1608
1529
99
171
145
150
168
259
291
179
208
417
846
414
533
766
887
349
494
472
627
573
562
490
281
316
250
294
505
328
403
298
636
579
1033
335
544
357
720
395
370
395
331
369
1026
660
680
1151
822
589
768
860
83
96
111
169
126
127
163
247
170
646
572
605
233
881
488
383
527
867
466
891
545
1012
485
1215
867
763
803
1123
270
835
1068
306
374
653
357
388
1440
498
1122
527
443
574
411
451
454
566
693
536
444
457
66
84
101
112
117
118
128
132
287
188
213
151
306
175
168
166
182
221
206
193
359
419
356
236
250
407
523
254
288
245
383
635
588
794
584
666
646
741
876
922
671
723
724
788
554
513
514
470
521
494
72
85
90
109
114
125
121
138
154
141
142
248
155
520
188
286
224
186
197
201
212
214
584
1042
622
351
1099
452
849
1009
1108
1179
903
982
1079
1033
1286
1324
456
1312
1024
543
356
389
1045
437
574
444
708
661
78
98
101
107
115
115
141
131
137
138
138
145
569
166
168
187
172
396
215
417
230
225
974
745
808
260
256
394
300
268
340
301
320
401
314
1124
941
421
707
715
605
508
978
1662
846
1511
562
682
901
581
104
155
162
194
186
171
184
188
202
209
232
364
229
894
304
290
419
1351
505
370
671
667
952
1375
1784
1382
1189
973
1058
1826
732
799
1308
1263
1269
1298
1018
477
807
953
849
1001
1280
1019
1051
1604
1270
1432
1651
1575
127
189
176
321
324
380
321
930
732
398
821
603
603
922
710
966
734
612
807
1092
680
1800
1023
1503
1429
1201
1113
973
877
1408
1704
800
925
1023
1240
1145
714
606
705
629
570
580
871
1379
634
1277
564
922
1004
1224
128
146
154
164
192
217
292
246
290
323
224
411
538
793
399
615
457
568
616
785
1128
726
749
1308
662
691
1079
981
944
926
1323
1303
891
1071
1012
1134
551
523
746
548
494
1054
750
514
862
765
714
665
624
913
110
147
162
165
170
171
195
201
202
344
231
228
292
236
250
314
254
320
282
295
758
401
386
318
332
350
368
373
351
376
384
365
402
648
871
958
949
904
566
694
569
455
473
624
497
569
907
539
521
487
103
138
152
167
166
179
204
212
199
211
232
242
237
305
272
304
275
342
276
278
583
310
373
305
380
427
417
354
449
444
402
388
605
399
387
523
530
409
460
654
433
1096
1086
958
869
850
834
913
1279
1121
