5197
10499
10098
14607
21060
28414
38101
54765
62112
74422
83177
94414
102094
116475
120462
140094
148524
183112
219359
173717
4307
10223
19766
29398
37805
46302
55104
65705
80584
96916
106069
103490
110601
128325
140980
131425
146383
173470
189523
192270
4782
11452
20872
32075
43598
48512
57080
67414
76151
89967
98492
115908
115670
116552
128376
133320
139919
154061
174540
190060
4489
9480
19246
26661
37936
47728
58007
66368
75281
84801
91204
104976
125740
129574
138576
143381
165333
329563
284889
339145
4664
11061
18551
25395
46024
61723
90966
80878
83939
118703
115833
108522
131197
133278
171703
220548
209237
203317
172426
203368
5028
10294
20493
30283
40386
48115
60891
67710
79224
90461
111508
100513
113131
153028
143334
171862
176620
200072
218132
176019
3997
9876
16845
26184
34089
42190
49372
59026
62956
67241
75456
79358
81543
81525
88652
105053
114315
116682
111468
110258
3070
7925
12650
19831
23621
33150
39186
46206
48891
56984
62513
67702
71380
85060
83937
88245
97602
100538
111204
116259
2840
6701
12526
18865
24143
31176
35955
43505
47661
52854
60281
65338
73548
77074
86536
89783
98453
101146
120606
112935
3063
6808
12456
20094
23920
32138
38879
40809
49341
56539
58119
66157
72743
76601
81612
86881
94538
99186
107814
109889
3015
7245
12738
18871
24407
30240
37172
42010
49437
54400
58271
66594
70010
74850
88169
91955
91881
95238
108170
110668
3044
6625
12703
19480
25452
31953
34882
42918
48672
55856
61389
66626
73283
91115
95662
98700
100073
122781
124353
130446
3107
6434
13519
19428
25396
31050
37685
43810
51751
61936
70291
86464
109345
93409
94635
125180
118376
148161
120959
134017
3045
6333
11842
20633
25466
33204
42412
48228
68037
72326
99785
141067
366158
101525
134271
139840
152272
140535
206221
254722
5512
11125
19771
30101
38756
48569
61290
67408
78907
106637
155326
218035
324078
147630
153894
188167
196491
210527
221652
226997
4391
11907
19883
26576
39250
46566
59546
71697
81488
94649
122182
117848
138653
146743
186642
187502
167138
503515
308997
216625
4521
9624
20276
29542
37677
47726
59547
70792
80022
91535
108915
114555
136502
137762
145084
150611
178508
176004
187668
200150
4400
10667
20145
31156
41577
50958
58836
73762
76375
93331
107176
124460
127985
130479
167017
153223
162473
170801
215447
235335
4396
11030
18249
33339
41826
51655
62728
71649
79293
117288
110482
119799
136481
142883
135965
167843
174752
186151
198440
206204
4645
10320
19710
32405
43442
50652
63522
71803
77076
84377
98916
118152
124069
122981
125416
136325
149360
152324
165232
169063
