14
11
11
13
10
10
13
10
11
12
12
12
10
10
12
11
11
11
12
11
10
9
10
11
10
10
9
10
11
11
12
11
10
9
11
10
12
11
25
16
11
13
15
25
10
14
12
14
12
11
14
14
21
17
15
15
13
12
15
12
10
11
10
11
12
12
12
11
12
11
12
11
12
12
12
13
13
12
14
30
14
13
14
13
11
10
14
13
11
11
10
10
12
9
9
12
11
13
11
11
9
10
9
9
12
12
11
10
12
10
11
10
10
10
10
13
22
14
12
13
9
9
10
9
10
10
10
10
10
11
9
12
11
11
11
11
11
11
10
11
9
8
9
10
9
11
10
8
10
11
11
12
14
10
11
10
11
10
10
10
8
10
11
10
10
9
10
10
13
11
11
13
11
10
10
11
9
13
11
11
8
9
10
9
9
11
10
10
10
11
10
11
13
13
12
12
18
13
10
10
9
10
9
10
12
11
10
11
11
10
10
10
11
10
10
8
9
8
8
10
7
8
8
9
7
8
8
9
8
10
8
9
9
9
8
8
8
4
5
5
5
5
4
5
4
4
4
6
4
3
4
5
4
4
4
3
4
4
5
4
4
4
4
4
3
4
5
4
3
4
4
3
3
4
4
4
5
5
4
4
3
3
3
5
4
3
3
4
4
5
3
4
3
5
3
5
3
4
3
3
4
3
4
3
3
4
3
3
10
5
3
4
3
4
4
5
3
3
4
4
3
3
4
4
4
4
4
3
4
3
3
4
4
4
4
4
4
4
4
4
4
4
3
4
4
4
3
4
4
4
3
4
4
4
3
4
4
4
4
5
3
3
3
3
4
4
4
4
4
4
4
3
3
4
5
3
3
4
4
4
3
4
3
3
3
4
4
4
3
3
4
3
3
5
4
4
4
4
4
4
