18
13
18
16
18
15
20
15
19
16
19
19
16
15
19
19
21
16
20
16
11
12
13
14
13
14
11
13
15
14
15
15
14
13
16
16
16
15
23
18
15
17
18
44
13
19
18
15
14
13
18
16
23
20
16
18
17
16
20
18
12
14
14
15
14
15
16
13
17
15
16
15
16
18
17
16
17
17
19
24
16
16
17
17
14
12
18
16
12
13
12
14
16
14
12
17
14
17
16
14
11
10
12
12
15
15
13
13
15
12
14
13
14
14
14
17
33
16
14
16
11
12
13
11
12
14
15
15
14
14
15
16
13
14
16
14
15
14
15
15
11
8
11
12
11
13
14
12
15
14
13
17
17
13
14
14
14
13
13
14
9
12
13
13
12
12
13
12
15
15
14
18
16
14
13
16
13
20
14
15
11
12
14
11
13
14
14
15
15
15
13
13
17
14
15
14
19
16
14
16
12
11
11
14
15
14
14
14
14
13
13
13
14
14
12
10
13
11
12
13
9
10
10
11
10
10
10
12
13
12
10
12
12
11
10
10
10
6
7
6
5
5
6
5
6
6
5
8
5
4
7
8
5
6
5
5
5
6
6
5
5
5
4
5
4
6
5
5
5
5
5
4
5
5
5
6
6
7
5
6
3
4
4
6
5
4
5
5
6
5
5
6
4
6
5
5
6
5
5
4
5
5
6
5
5
5
5
4
10
6
6
5
5
5
6
6
5
5
5
6
4
4
5
5
6
5
6
4
6
5
5
5
5
5
5
6
6
5
5
5
4
4
4
5
6
6
5
5
6
5
5
5
4
6
5
6
6
6
5
6
4
4
4
5
5
6
6
6
6
5
5
5
4
5
7
5
5
6
6
5
4
4
4
4
5
5
5
5
5
4
6
5
5
6
6
6
5
6
5
5
