14
10
11
10
14
9
9
9
8
8
9
7
5
4
3
4
3
4
3
3
11
9
13
11
13
10
9
8
10
9
10
8
5
4
3
3
3
4
3
4
11
10
15
10
14
9
10
9
11
10
9
8
4
4
3
4
4
3
3
3
13
11
25
11
13
9
9
10
10
9
10
9
5
4
5
3
4
4
3
3
10
10
10
12
11
12
10
9
10
9
12
7
4
3
4
3
4
4
4
3
10
10
14
12
10
12
10
11
9
11
11
8
4
4
3
4
4
4
4
4
13
9
12
12
14
11
10
10
10
10
10
8
4
5
3
3
4
3
4
4
10
10
14
11
13
10
10
8
10
10
11
9
6
4
4
3
3
4
4
4
11
11
12
12
11
12
10
10
13
10
11
8
4
3
4
10
4
4
4
3
12
11
11
11
11
10
11
11
11
11
10
10
3
4
5
5
3
4
4
3
12
12
14
12
10
11
9
11
11
10
10
8
4
4
3
3
3
3
4
4
12
11
14
11
10
10
12
12
13
11
10
9
5
3
4
4
4
4
3
3
10
10
21
12
12
10
11
14
11
13
11
9
4
3
3
3
4
4
3
3
10
9
17
12
9
10
11
10
10
13
10
9
4
4
5
4
4
4
4
5
12
11
15
12
9
10
11
11
10
12
10
8
4
4
3
4
4
3
5
4
11
10
15
13
12
13
11
10
11
12
8
8
3
4
5
5
4
4
3
4
11
12
13
13
11
22
11
11
9
18
9
8
4
5
3
3
4
4
3
4
11
11
12
12
13
14
11
10
13
13
8
4
4
5
4
3
4
4
4
4
12
25
15
14
11
12
10
10
11
10
8
5
5
4
3
4
4
4
4
4
11
16
12
30
11
13
11
10
11
10
10
5
4
4
3
4
4
5
4
4
