18
11
15
12
16
11
11
11
9
11
12
9
5
5
3
5
4
4
4
4
13
12
17
14
16
10
12
8
12
12
11
10
5
5
4
5
4
4
4
4
18
13
18
14
17
12
13
11
13
14
11
10
6
4
4
6
5
4
4
4
16
14
44
15
17
12
11
12
13
11
14
11
5
5
6
5
5
5
5
4
18
13
13
14
14
15
12
11
12
13
15
10
6
4
5
5
6
6
5
5
15
14
19
15
12
15
14
13
12
14
14
10
6
6
4
5
5
6
6
5
20
11
18
16
18
13
15
14
13
14
14
10
5
5
5
5
6
5
6
5
15
13
15
13
16
13
15
12
12
15
14
12
8
5
5
4
4
5
6
5
19
15
14
17
12
15
14
15
15
15
14
13
5
5
6
10
6
6
6
5
16
14
13
15
13
12
14
14
15
15
13
12
4
5
5
6
5
5
5
4
19
15
18
16
12
14
15
13
14
13
13
10
7
5
5
6
5
5
5
6
19
15
16
15
14
13
16
17
18
13
13
12
8
4
6
5
5
5
5
5
16
14
23
16
16
14
13
17
16
17
14
12
5
5
4
5
5
4
4
5
15
13
20
18
14
14
14
13
14
14
14
11
6
5
6
5
5
6
5
6
19
16
16
17
12
14
16
14
13
15
12
10
5
5
5
6
5
5
7
6
19
16
18
16
17
17
14
14
16
14
10
10
5
6
5
6
6
6
5
6
21
16
17
17
14
33
15
14
13
19
13
10
5
6
6
5
6
6
5
5
16
15
16
17
17
16
14
13
20
16
11
6
6
7
5
5
5
6
6
6
20
23
20
19
16
14
15
13
14
14
12
7
6
5
5
5
5
5
6
5
16
18
18
24
14
16
15
14
15
16
13
6
5
6
4
6
5
6
5
5
