25
34
27
32
38
53
45
54
69
68
79
86
89
118
102
114
117
130
130
206
15
21
30
35
41
39
53
69
77
76
88
85
87
93
108
107
187
144
160
162
21
27
72
36
55
60
65
85
60
76
79
109
111
87
92
107
105
107
116
124
14
24
38
45
75
59
70
68
70
80
104
78
101
102
132
133
143
160
194
170
17
31
37
40
54
61
52
81
74
74
77
94
114
124
123
136
126
142
116
121
15
19
30
36
34
40
46
51
65
62
118
74
86
88
92
116
106
110
113
122
14
17
23
28
36
40
61
53
58
70
72
110
84
84
94
96
102
109
113
114
13
19
22
31
34
40
45
52
56
61
67
73
76
69
76
82
83
88
130
91
13
19
21
25
31
35
58
62
67
69
94
105
98
97
135
106
149
121
133
175
13
18
25
35
36
45
66
51
57
61
70
103
68
72
74
79
87
88
95
100
12
15
19
28
25
