11
10
8
7
10
6
7
6
5
4
8
6
6
7
5
10
16
9
6
5
9
8
6
4
5
4
4
5
5
5
4
4
4
4
4
5
4
6
5
7
11
11
6
5
5
6
6
4
6
4
5
5
5
5
4
4
5
4
7
9
6
6
5
5
6
6
4
4
3
4
5
5
5
7
4
5
4
6
4
5
8
10
7
5
5
4
4
5
5
4
4
5
5
4
4
4
4
5
4
4
6
7
5
6
6
4
5
4
5
4
5
5
5
5
4
4
5
5
5
4
9
7
6
6
4
6
5
5
4
4
4
5
4
4
5
4
4
4
4
5
7
6
8
6
5
4
5
20
5
5
4
4
3
5
6
5
5
4
6
7
16
9
12
8
7
12
8
16
4
5
7
6
8
8
5
3
5
3
3
3
4
4
3
3
3
3
2
3
4
3
3
3
3
2
3
4
3
3
4
3
5
6
7
5
3
3
4
2
2
3
3
3
3
2
2
5
7
6
6
5
10
9
6
6
7
6
6
5
4
5
5
5
4
5
6
7
6
5
6
7
13
6
10
8
8
9
6
7
6
7
4
5
5
5
5
5
4
5
5
5
6
5
4
5
4
3
5
2
3
3
3
4
3
2
3
3
2
3
2
3
5
3
3
3
3
3
3
2
3
2
4
3
4
2
2
2
3
2
3
2
4
5
4
3
3
3
3
2
3
3
2
2
3
2
2
3
2
2
3
2
4
12
5
6
7
4
3
2
3
4
2
3
5
5
5
4
5
4
4
4
7
7
4
4
5
4
4
4
5
5
4
5
6
6
8
8
5
4
4
3
7
5
3
3
5
3
3
3
3
3
3
6
3
4
3
13
5
3
2
2
5
5
2
3
3
3
3
3
3
3
3
2
2
3
3
3
2
2
2
3
