25
15
21
14
17
15
14
13
13
13
12
34
21
27
24
31
19
17
19
19
18
15
27
30
72
38
37
30
23
22
21
25
19
32
35
36
45
40
36
28
31
25
35
28
38
41
55
75
54
34
36
34
31
36
25
53
39
60
59
61
40
40
40
35
45
45
53
65
70
52
46
61
45
58
66
54
69
85
68
81
51
53
52
62
51
69
77
60
70
74
65
58
56
67
57
68
76
76
80
74
62
70
61
69
61
79
88
79
104
77
118
72
67
94
70
86
85
109
78
94
74
110
73
105
103
89
87
111
101
114
86
84
76
98
68
118
93
87
102
124
88
84
69
97
72
102
108
92
132
123
92
94
76
135
74
114
107
107
133
136
116
96
82
106
79
117
187
105
143
126
106
102
83
149
87
130
144
107
160
142
110
109
88
121
88
130
160
116
194
116
113
113
130
133
95
206
162
124
170
121
122
114
91
175
100
