3
2
2
2
2
3
2
2
3
2
2
2
2
2
2
2
2
1
1
3
3
2
2
3
3
2
3
2
3
2
2
2
2
3
2
1
2
2
2
2
2
3
2
2
3
3
3
2
3
2
2
3
7
3
2
2
2
2
2
3
2
3
3
2
3
3
3
2
3
2
2
2
2
2
2
2
2
3
3
4
2
2
2
2
4
4
4
2
2
2
2
3
2
2
3
2
2
2
3
8
2
3
3
2
2
4
3
2
2
2
3
2
5
2
2
3
3
3
2
3
3
4
2
2
3
3
3
2
2
3
3
3
3
2
2
2
3
2
2
2
2
2
2
2
3
3
3
2
3
2
2
3
2
2
2
2
2
2
2
3
2
3
2
2
3
3
4
2
3
2
2
3
2
3
2
2
2
2
5
2
2
4
3
2
2
4
4
2
3
2
2
3
3
2
2
3
2
2
3
4
13
3
2
3
2
4
2
2
2
3
2
7
2
3
2
2
2
2
3
3
3
4
3
3
2
3
2
2
2
2
2
5
3
2
2
2
2
2
2
3
2
3
2
3
4
5
2
2
2
2
6
2
2
3
2
2
2
2
2
2
2
3
2
4
5
3
2
6
2
3
3
2
3
2
2
2
2
3
9
2
3
4
2
3
3
4
2
2
2
3
2
3
2
2
2
2
2
3
3
2
2
2
2
3
3
4
2
2
2
2
3
3
3
2
2
2
3
2
3
2
3
3
2
2
5
3
2
3
2
2
3
3
3
3
2
2
2
2
3
2
2
2
2
2
3
2
2
2
2
3
2
2
3
3
2
2
2
2
3
2
3
3
2
11
3
5
3
2
3
2
3
3
3
3
3
2
2
3
4
2
3
3
3
3
3
5
3
2
3
2
3
3
3
2
3
3
2
2
4
2
