8
5
4
5
4
5
5
4
4
5
4
4
5
4
4
5
4
4
4
5
7
4
4
5
5
4
5
5
5
5
4
5
6
5
6
5
4
5
6
5
9
5
6
5
5
6
5
5
5
4
5
6
6
5
4
5
5
5
5
5
5
5
5
5
5
5
5
5
5
6
5
6
6
5
5
5
5
6
4
6
10
5
5
4
5
6
5
6
5
5
6
6
6
6
6
5
5
5
5
5
5
5
7
6
6
6
5
5
5
6
6
6
5
6
5
5
5
6
6
6
9
6
5
4
6
6
6
6
6
6
5
5
6
5
6
5
5
5
6
6
6
5
6
5
6
6
6
5
5
6
6
6
6
5
6
6
6
6
7
7
10
6
5
7
7
7
5
7
6
5
5
6
6
6
6
6
6
6
6
7
7
5
5
7
6
5
5
6
7
6
6
6
6
5
6
7
6
7
6
6
9
7
5
5
5
6
6
7
6
7
5
6
6
6
5
6
5
6
6
5
6
6
7
7
6
5
6
6
6
6
7
5
5
6
6
6
6
6
7
5
10
6
7
7
7
7
6
5
6
7
7
7
6
6
5
6
6
7
5
5
7
5
6
5
7
5
5
7
6
5
6
6
6
6
7
6
6
7
5
6
9
6
6
6
6
6
6
6
6
7
6
6
6
6
8
6
4
6
7
6
8
5
6
7
6
6
7
6
6
6
5
7
7
7
6
7
5
6
7
6
10
7
6
5
5
7
6
6
7
7
7
6
6
6
5
6
6
7
6
6
8
6
7
6
7
6
8
6
6
8
6
6
7
6
6
6
6
6
6
6
11
6
6
6
7
7
6
6
7
5
6
6
5
6
6
7
6
6
6
7
6
7
8
5
6
6
6
7
7
6
5
6
7
6
6
7
7
7
6
6
