3
3
2
2
2
2
3
2
2
2
13
3
2
2
3
2
3
2
3
3
2
2
3
3
2
3
4
2
3
4
3
4
3
3
4
2
3
2
3
3
2
2
2
3
2
3
2
2
2
3
2
3
2
2
2
2
2
2
2
3
2
3
2
2
2
2
2
2
2
2
3
3
3
4
3
3
2
2
11
3
2
3
3
3
4
2
3
3
3
2
2
2
4
5
3
3
5
3
3
3
3
2
3
3
4
4
3
3
3
4
4
3
5
3
4
4
3
2
5
5
2
3
3
3
4
3
3
3
4
4
2
2
2
2
2
2
2
2
3
3
2
2
2
2
2
2
2
2
2
2
2
2
2
6
2
2
3
2
2
2
3
3
3
3
2
2
2
3
3
3
2
2
2
2
2
2
2
2
3
3
2
2
2
2
2
2
3
2
2
2
3
2
2
3
3
2
2
3
2
2
2
2
2
2
2
3
3
2
2
2
2
2
6
3
2
3
3
2
3
3
2
2
3
2
3
2
3
3
3
3
7
5
2
2
3
3
3
2
3
3
2
2
7
2
2
5
3
2
2
3
2
3
2
3
2
3
3
3
3
3
2
3
3
2
2
2
2
2
3
2
3
2
3
2
2
2
3
3
3
2
2
2
2
2
3
2
2
2
2
2
2
2
2
2
2
2
2
2
3
3
2
1
2
2
2
3
2
2
2
3
2
2
2
2
2
2
2
2
2
3
2
2
2
2
2
3
3
2
2
2
2
2
2
2
2
3
2
2
2
2
1
2
2
3
2
3
2
2
2
2
2
2
2
3
3
2
2
2
3
2
1
2
2
3
3
2
2
2
5
3
3
2
2
9
3
3
3
3
4
4
3
2
3
4
8
3
2
3
2
4
3
3
2
2
2
2
2
2
2
2
